78;169;6083.0;4307.0
168;169;6083.0;4308.0
291;168;6083.0;4309.0
415;168;6083.0;4310.0
538;168;6083.0;4311.0
661;168;6083.0;4312.0
785;168;6083.0;4313.0
908;168;6083.0;4314.0
1032;167;6083.0;4315.0
1154;167;6083.0;4316.0
1278;167;6083.0;4317.0
1403;167;6083.0;4318.0
1526;167;6083.0;4319.0
1649;167;6083.0;4320.0
1773;167;6083.0;4321.0
1897;167;6083.0;4322.0
2020;168;6083.0;4321.0
2058;168;6083.0;4321.0
77;281;6082.0;4307.0
172;277;6082.0;4308.0
296;272;6082.0;4309.0
419;266;6082.0;4310.0
542;261;6082.0;4311.0
665;256;6082.0;4312.0
788;251;6082.0;4313.0
911;246;6082.0;4314.0
1034;241;6082.0;4315.0
1157;235;6082.0;4316.0
1281;230;6082.0;4317.0
1405;226;6082.0;4318.0
1528;220;6082.0;4319.0
1651;216;6082.0;4320.0
1780;334;6082.0;4321.0
1898;206;6082.0;4322.0
2022;200;6082.0;4323.0
2058;198;6082.0;4323.0
77;404;6081.0;4307.0
178;400;6081.0;4308.0
301;395;6081.0;4309.0
424;390;6081.0;4310.0
548;385;6081.0;4311.0
670;379;6081.0;4312.0
793;375;6081.0;4313.0
916;370;6081.0;4314.0
1040;364;6081.0;4315.0
1163;359;6081.0;4316.0
1286;355;6081.0;4317.0
1409;349;6081.0;4318.0
1533;344;6081.0;4319.0
1656;339;6081.0;4320.0
1779;334;6081.0;4321.0
1903;329;6081.0;4322.0
2027;325;6081.0;4323.0
2058;324;6081.0;4323.0
77;528;6080.0;4307.0
183;524;6080.0;4308.0
307;518;6080.0;4309.0
429;513;6080.0;4310.0
553;508;6080.0;4311.0
675;503;6080.0;4312.0
798;498;6080.0;4313.0
921;493;6080.0;4314.0
1044;488;6080.0;4315.0
1168;483;6080.0;4316.0
1290;478;6080.0;4317.0
1413;473;6080.0;4318.0
1538;468;6080.0;4319.0
1660;463;6080.0;4320.0
1784;458;6080.0;4321.0
1908;452;6080.0;4322.0
2031;447;6080.0;4323.0
2058;446;6080.0;4323.0
78;651;6079.0;4307.0
188;647;6079.0;4308.0
312;641;6079.0;4309.0
435;636;6079.0;4310.0
558;631;6079.0;4311.0
681;625;6079.0;4312.0
804;621;6079.0;4313.0
927;615;6079.0;4314.0
1050;610;6079.0;4315.0
1173;606;6079.0;4316.0
1296;601;6079.0;4317.0
1419;596;6079.0;4318.0
1542;591;6079.0;4319.0
1665;585;6079.0;4320.0
1789;581;6079.0;4321.0
1913;575;6079.0;4322.0
2036;571;6079.0;4323.0
2058;570;6079.0;4323.0
78;776;6078.0;4307.0
193;771;6078.0;4308.0
318;766;6078.0;4309.0
440;761;6078.0;4310.0
563;756;6078.0;4311.0
686;751;6078.0;4312.0
808;746;6078.0;4313.0
931;741;6078.0;4314.0
1054;735;6078.0;4315.0
1177;730;6078.0;4316.0
1301;726;6078.0;4317.0
1424;721;6078.0;4318.0
1548;716;6078.0;4319.0
1671;710;6078.0;4320.0
1794;705;6078.0;4321.0
1918;700;6078.0;4322.0
2041;694;6078.0;4323.0
2059;694;6078.0;4323.0
78;898;6077.0;4307.0
199;893;6077.0;4308.0
322;888;6077.0;4309.0
445;882;6077.0;4310.0
566;878;6077.0;4311.0
691;873;6077.0;4312.0
815;867;6077.0;4313.0
937;863;6077.0;4314.0
1061;858;6077.0;4315.0
1183;852;6077.0;4316.0
1306;847;6077.0;4317.0
1429;844;6077.0;4318.0
1552;839;6077.0;4319.0
1676;834;6077.0;4320.0
1799;828;6077.0;4321.0
1923;823;6077.0;4322.0
2046;818;6077.0;4323.0
2059;818;6077.0;4323.0
77;1022;6076.0;4307.0
83;1022;6076.0;4307.0
203;1017;6076.0;4308.0
327;1012;6076.0;4309.0
451;1007;6076.0;4310.0
573;1001;6076.0;4311.0
697;996;6076.0;4312.0
819;991;6076.0;4313.0
943;986;6076.0;4314.0
1065;981;6076.0;4315.0
1188;976;6076.0;4316.0
1310;971;6076.0;4317.0
1434;967;6076.0;4318.0
1557;962;6076.0;4319.0
1680;957;6076.0;4320.0
1803;952;6076.0;4321.0
1927;946;6076.0;4322.0
2050;941;6076.0;4323.0
2058;941;6076.0;4323.0
78;1145;6075.0;4307.0
88;1144;6075.0;4307.0
208;1140;6075.0;4308.0
332;1134;6075.0;4309.0
454;1129;6075.0;4310.0
577;1124;6075.0;4311.0
700;1119;6075.0;4312.0
823;1114;6075.0;4313.0
946;1109;6075.0;4314.0
1069;1104;6075.0;4315.0
1192;1099;6075.0;4316.0
1316;1094;6075.0;4317.0
1439;1090;6075.0;4318.0
1562;1084;6075.0;4319.0
1685;1080;6075.0;4320.0
1808;1075;6075.0;4321.0
1933;1069;6075.0;4322.0
2056;1064;6075.0;4323.0
77;1269;6074.0;4307.0
92;1268;6074.0;4307.0
214;1263;6074.0;4308.0
338;1259;6074.0;4309.0
461;1253;6074.0;4310.0
583;1248;6074.0;4311.0
706;1243;6074.0;4312.0
829;1238;6074.0;4313.0
951;1233;6074.0;4314.0
1075;1228;6074.0;4315.0
1197;1224;6074.0;4316.0
1320;1219;6074.0;4317.0
1445;1214;6074.0;4318.0
1568;1209;6074.0;4319.0
1691;1204;6074.0;4320.0
1814;1199;6074.0;4321.0
1938;1194;6074.0;4322.0
2059;1189;6074.0;4323.0
77;1392;6073.0;4307.0
98;1391;6073.0;4307.0
219;1386;6073.0;4308.0
343;1382;6073.0;4309.0
466;1376;6073.0;4310.0
588;1371;6073.0;4311.0
711;1366;6073.0;4312.0
834;1361;6073.0;4313.0
956;1356;6073.0;4314.0
1080;1351;6073.0;4315.0
1202;1346;6073.0;4316.0
1326;1341;6073.0;4317.0
1449;1337;6073.0;4318.0
1573;1332;6073.0;4319.0
1696;1327;6073.0;4320.0
1820;1322;6073.0;4321.0
1943;1317;6073.0;4322.0
2060;1312;6073.0;4323.0
77;1515;6072.0;4307.0
103;1514;6072.0;4307.0
225;1509;6072.0;4308.0
348;1504;6072.0;4309.0
471;1499;6072.0;4310.0
594;1494;6072.0;4311.0
716;1490;6072.0;4312.0
839;1484;6072.0;4313.0
962;1479;6072.0;4314.0
1085;1474;6072.0;4315.0
1208;1469;6072.0;4316.0
1331;1465;6072.0;4317.0
1454;1461;6072.0;4318.0
1578;1456;6072.0;4319.0
1701;1450;6072.0;4320.0
1824;1445;6072.0;4321.0
1948;1441;6072.0;4322.0
2060;1436;6072.0;4323.0
77;1639;6071.0;4307.0
108;1637;6071.0;4307.0
230;1634;6071.0;4308.0
354;1628;6071.0;4309.0
477;1623;6071.0;4310.0
600;1618;6071.0;4311.0
722;1612;6071.0;4312.0
845;1607;6071.0;4313.0
968;1602;6071.0;4314.0
1091;1597;6071.0;4315.0
1214;1593;6071.0;4316.0
1336;1588;6071.0;4317.0
1459;1584;6071.0;4318.0
1582;1578;6071.0;4319.0
1705;1573;6071.0;4320.0
1829;1568;6071.0;4321.0
1953;1563;6071.0;4322.0
2060;1559;6071.0;4323.0
77;1761;6070.0;4307.0
113;1760;6070.0;4307.0
236;1755;6070.0;4308.0
359;1750;6070.0;4309.0
482;1745;6070.0;4310.0
605;1740;6070.0;4311.0
727;1735;6070.0;4312.0
849;1730;6070.0;4313.0
972;1725;6070.0;4314.0
1096;1720;6070.0;4315.0
1218;1715;6070.0;4316.0
1340;1710;6070.0;4317.0
1463;1706;6070.0;4318.0
1587;1702;6070.0;4319.0
1711;1696;6070.0;4320.0
1835;1692;6070.0;4321.0
1959;1686;6070.0;4322.0
2060;1682;6070.0;4323.0
77;1885;6069.0;4307.0
118;1883;6069.0;4307.0
241;1878;6069.0;4308.0
364;1873;6069.0;4309.0
487;1868;6069.0;4310.0
610;1863;6069.0;4311.0
733;1859;6069.0;4312.0
855;1853;6069.0;4313.0
978;1849;6069.0;4314.0
1101;1843;6069.0;4315.0
1224;1838;6069.0;4316.0
1347;1833;6069.0;4317.0
1469;1830;6069.0;4318.0
1593;1825;6069.0;4319.0
1716;1819;6069.0;4320.0
1839;1814;6069.0;4321.0
1963;1809;6069.0;4322.0
2060;1805;6069.0;4323.0
78;2007;6068.0;4307.0
124;2005;6068.0;4307.0
247;2001;6068.0;4308.0
369;1996;6068.0;4309.0
494;1991;6068.0;4310.0
615;1985;6068.0;4311.0
739;1981;6068.0;4312.0
861;1977;6068.0;4313.0
983;1972;6068.0;4314.0
1106;1967;6068.0;4315.0
1229;1962;6068.0;4316.0
1352;1958;6068.0;4317.0
1475;1954;6068.0;4318.0
1598;1948;6068.0;4319.0
1721;1943;6068.0;4320.0
1844;1938;6068.0;4321.0
1968;1933;6068.0;4322.0
2060;1930;6068.0;4323.0
78;2131;6067.0;4307.0
130;2129;6067.0;4307.0
252;2125;6067.0;4308.0
376;2119;6067.0;4309.0
499;2114;6067.0;4310.0
621;2109;6067.0;4311.0
743;2104;6067.0;4312.0
866;2099;6067.0;4313.0
988;2095;6067.0;4314.0
1112;2090;6067.0;4315.0
1234;2084;6067.0;4316.0
1357;2080;6067.0;4317.0
1481;2076;6067.0;4318.0
1603;2071;6067.0;4319.0
1726;2066;6067.0;4320.0
1849;2061;6067.0;4321.0
1973;2056;6067.0;4322.0
2060;2052;6067.0;4323.0
78;2254;6066.0;4307.0
136;2252;6066.0;4307.0
257;2247;6066.0;4308.0
381;2242;6066.0;4309.0
504;2237;6066.0;4310.0
626;2232;6066.0;4311.0
749;2227;6066.0;4312.0
871;2222;6066.0;4313.0
994;2217;6066.0;4314.0
1117;2212;6066.0;4315.0
1240;2207;6066.0;4316.0
1362;2202;6066.0;4317.0
1485;2199;6066.0;4318.0
1608;2194;6066.0;4319.0
1731;2188;6066.0;4320.0
1855;2183;6066.0;4321.0
1979;2178;6066.0;4322.0
2060;2175;6066.0;4323.0
78;2377;6065.0;4307.0
141;2374;6065.0;4307.0
263;2370;6065.0;4308.0
386;2365;6065.0;4309.0
509;2360;6065.0;4310.0
631;2354;6065.0;4311.0
754;2350;6065.0;4312.0
877;2345;6065.0;4313.0
998;2340;6065.0;4314.0
1122;2335;6065.0;4315.0
1244;2330;6065.0;4316.0
1366;2325;6065.0;4317.0
1490;2322;6065.0;4318.0
1613;2317;6065.0;4319.0
1736;2311;6065.0;4320.0
1859;2306;6065.0;4321.0
1983;2301;6065.0;4322.0
2060;2298;6065.0;4323.0
77;2455;6064.0;4307.0
144;2455;6064.0;4307.0
266;2455;6064.0;4308.0
389;2455;6064.0;4309.0
513;2455;6064.0;4310.0
635;2456;6064.0;4311.0
758;2455;6064.0;4312.0
880;2456;6064.0;4313.0
1003;2456;6064.0;4314.0
1127;2456;6064.0;4315.0
1249;2452;6064.0;4316.0
1372;2447;6064.0;4317.0
1495;2444;6064.0;4318.0
1618;2439;6064.0;4319.0
1741;2434;6064.0;4320.0
1865;2429;6064.0;4321.0
1988;2424;6064.0;4322.0
2060;2421;6064.0;4323.0
1249;2456;6063.0;4316.0
1372;2455;6063.0;4317.0
1495;2457;6063.0;4318.0
1619;2457;6063.0;4319.0
1742;2457;6063.0;4320.0
1865;2457;6063.0;4321.0
1989;2457;6063.0;4322.0
2060;2456;6063.0;4323.0